4,9,10,13,32,33,37
6,16,28,30,31,35,2
7,9,29,34,36,39,16
13,25,28,29,30,39,21
1,3,11,15,17,39,34
2,4,15,16,29,33,39
20,25,29,37,38,39,28
1,6,7,12,20,42,35
7,12,19,20,24,36,26
2,10,15,23,30,32,36
6,20,29,35,38,40,41
12,20,30,32,35,40,34
4,10,14,23,29,39,36
4,5,14,21,27,40,12
8,12,16,26,34,36,5
5,10,13,15,29,36,1
2,5,9,16,25,32,7
6,9,21,27,31,32,2
5,18,25,26,35,42,29
19,21,22,25,31,34,13
13,20,26,30,32,37,4
7,10,14,17,27,37,28
6,20,21,26,36,37,27
12,14,15,24,36,39,1
10,12,17,21,22,29,25
5,6,9,24,27,39,15
1,2,4,7,8,18,9
15,19,22,23,33,34,20
11,23,31,33,36,37,34
7,15,17,18,28,36,8
21,25,26,33,37,41,20
7,15,17,27,30,42,5
2,9,18,20,27,36,4
2,14,21,23,27,32,35
3,4,12,19,32,35,29
6,10,19,22,27,34,7
18,19,27,34,39,41,40
8,11,14,24,31,36,23
10,15,16,26,27,42,3
13,18,19,28,34,38,9
13,21,23,27,29,41,17
4,11,14,15,20,41,10
9,13,30,32,35,37,28
1,2,6,21,28,37,31
4,8,11,26,33,39,37
4,5,12,37,39,41,27
6,12,13,22,32,33,25
8,12,17,25,27,28,30
1,5,9,18,19,31,37
11,12,15,23,37,38,31
1,8,12,15,19,20,17
1,2,8,20,29,40,17
5,7,18,19,26,29,33
1,2,9,27,37,39,26
3,8,9,17,21,42,41
16,22,26,30,33,34,3
3,13,30,34,38,40,35
4,17,29,33,35,40,12
3,4,12,17,22,31,7
10,12,21,24,27,33,7
12,13,17,28,31,34,27
8,20,29,35,38,42,31
4,10,15,18,24,36,1
8,9,17,21,28,38,15
23,24,30,31,34,41,42
3,14,34,38,39,42,26
1,7,8,15,21,26,10
7,8,14,16,20,23,13
11,16,19,24,32,41,39
3,11,18,20,28,40,12
15,20,22,30,31,35,14
11,17,34,40,41,42,33
2,8,17,25,26,39,13
7,22,23,28,32,40,25
15,17,22,28,33,37,41
2,5,23,28,37,40,29
1,6,9,14,30,38,34
7,19,20,29,32,35,30
7,8,15,19,34,41,33
1,10,24,34,39,41,42
5,11,12,25,33,40,1
9,10,30,34,39,41,26
4,6,7,21,26,40,35
4,14,26,27,32,37,12
11,13,25,31,32,41,21
9,18,21,24,38,41,32
3,31,32,33,37,40,30
11,20,30,32,34,41,39
12,20,23,35,36,42,7
9,12,13,18,21,26,3
7,19,20,33,39,40,5
4,19,27,33,34,41,11
1,10,18,25,41,42,11
1,4,11,13,18,39,10
8,13,21,28,30,35,27
10,11,13,14,16,40,32
10,20,24,30,37,39,19
11,18,22,23,25,41,31
11,14,24,26,30,39,41
11,14,20,36,39,42,23
6,10,12,13,14,35,27
9,13,15,35,37,39,10
10,14,17,20,31,41,39
2,3,18,28,36,41,23
6,19,21,28,31,39,4
3,5,9,10,13,24,7
13,15,16,21,27,38,39
7,12,15,31,33,41,27
4,15,21,28,33,35,31
3,16,17,29,34,37,33
2,5,21,25,34,42,3
24,27,32,33,37,38,13
2,5,7,9,28,35,19
1,5,18,25,30,32,21
21,28,30,33,35,42,37
15,20,22,36,38,40,32
11,18,20,21,38,40,22
3,15,19,23,27,31,17
7,25,32,34,37,39,20
1,13,14,21,28,42,19
3,7,12,21,34,42,38
3,5,15,17,24,41,21
5,12,15,21,27,38,16
9,27,34,37,38,40,6
4,6,23,25,26,27,2
15,18,19,27,28,29,6
5,10,19,24,38,40,21
8,12,14,22,39,41,38
6,8,11,16,22,29,23
4,6,23,27,29,35,11
4,5,22,24,39,42,11
2,10,16,24,26,41,14
1,10,17,24,28,41,6
4,7,18,21,31,36,15
4,22,24,26,27,37,18
8,11,20,25,27,33,19
9,12,16,24,27,28,14
1,10,16,29,33,35,20
6,10,12,23,25,35,5
1,13,20,22,27,37,31
2,11,16,20,28,32,10
6,13,26,33,34,39,35
17,21,26,28,37,41,34
11,20,22,23,33,34,42
3,4,10,25,36,41,40
3,5,10,15,24,28,26
1,5,14,24,39,41,36
9,11,12,21,37,41,27
11,14,25,26,29,34,38
9,10,11,14,20,36,39
1,6,9,18,28,34,40
4,14,25,28,35,39,7
4,17,23,26,27,32,7
5,17,27,32,35,40,37
4,9,18,31,35,36,29
2,11,12,21,24,41,28
6,10,15,28,36,37,2
3,12,26,33,36,40,22
6,20,25,30,35,42,3
1,9,12,16,22,25,42
2,17,22,23,30,34,9
12,15,19,35,36,40,29
2,11,15,20,24,36,32
4,13,15,28,29,38,41
12,19,31,36,37,39,28
13,17,21,23,33,36,29
4,9,12,28,33,40,41
3,6,16,22,26,32,24
7,8,9,14,36,39,30
7,17,19,23,33,37,21
6,8,19,22,32,39,4
9,11,23,24,27,32,26
4,12,19,29,33,41,30
11,14,21,22,23,28,25
1,3,14,22,30,40,13
14,27,33,34,36,38,30
7,19,21,24,28,36,26
6,10,15,17,28,32,26
3,23,24,34,37,40,5
8,15,19,21,23,31,25
9,21,22,31,32,42,27
1,2,11,15,25,27,33
1,3,25,28,31,40,33
2,5,18,30,31,34,39
10,24,31,33,35,39,16
5,7,22,31,32,34,14
13,15,20,22,32,35,34
6,12,16,31,35,42,2
2,5,12,25,33,39,41
5,28,32,34,41,42,40
2,3,16,25,34,42,13
3,8,17,24,33,34,38
2,4,9,33,36,41,40
3,4,15,19,20,28,7
9,16,24,29,30,40,13
6,20,23,28,36,37,7
1,24,25,29,31,37,18
4,14,17,27,34,35,1
1,11,12,21,36,40,24
14,19,21,24,33,36,39
3,8,22,28,33,41,35
1,10,11,34,39,42,18
2,17,18,24,26,40,30
1,2,5,22,23,40,19
9,12,16,28,34,39,32
2,12,29,32,36,41,22
1,6,8,9,14,25,16
5,11,24,33,39,40,26
5,19,31,33,36,38,4
8,9,18,23,24,36,25
1,6,23,31,35,37,19
7,11,12,32,33,34,21
9,17,23,36,37,40,3
7,9,19,20,36,37,30
2,8,13,26,31,38,25
1,6,10,14,18,25,13
3,5,7,12,24,32,38
7,11,13,29,34,41,18
15,18,19,24,38,41,39
4,11,17,26,29,33,14
12,13,30,35,37,40,15
12,19,26,35,37,42,20
6,12,18,25,28,36,29
7,8,11,17,33,37,12
1,4,8,18,24,40,34
1,21,23,24,34,35,22
7,11,15,30,36,41,18
23,27,28,33,39,40,4
3,5,13,17,35,42,8
22,31,32,33,41,42,4
5,10,12,23,25,35,7
5,15,21,29,37,41,24
3,8,18,20,22,28,40
4,9,17,29,37,40,18
5,17,20,26,33,35,24
7,13,14,16,20,42,11
7,25,32,37,39,41,29
4,8,9,34,37,42,32
4,13,30,32,33,42,39
11,18,22,24,32,42,4
1,20,21,22,30,40,28
2,4,26,36,40,41,42
4,7,12,27,29,37,20
1,12,14,20,26,42,34
8,10,14,17,18,21,6
10,20,25,27,30,40,5
23,26,29,30,32,35,19
1,3,6,12,37,42,23
3,10,14,27,31,41,1
13,18,20,38,40,41,22
2,17,30,35,39,42,36
4,9,25,26,34,35,23
10,17,22,25,28,35,19
4,5,8,13,22,32,12
8,18,23,30,40,41,6
7,10,12,15,21,23,29
5,15,26,34,35,38,36
3,4,7,11,15,32,2
7,9,10,11,22,25,2
12,14,16,21,22,34,40
8,13,32,34,40,42,11
3,15,26,30,35,41,14
18,22,23,24,34,42,19
7,9,12,14,15,28,25
2,9,11,18,35,38,26
1,14,16,17,31,36,42
10,17,25,27,28,30,8
6,9,15,23,38,42,28
5,6,17,21,33,40,34
2,12,28,34,36,40,26
10,24,31,38,39,42,35
1,2,16,28,32,40,33
21,26,27,32,34,40,24
2,15,31,33,34,38,24
3,23,24,28,35,41,27
12,14,21,25,28,36,3
8,18,22,29,33,38,41
1,5,12,14,22,29,24
2,4,9,26,31,42,8
4,6,19,21,22,38,39
2,12,30,35,36,37,32
1,9,17,19,37,40,30
2,3,11,19,21,27,42
1,3,6,18,23,35,40
2,7,12,28,30,31,36
4,9,12,16,23,28,18
10,18,22,24,31,39,42
8,16,26,32,36,37,17
6,7,16,21,34,42,14
11,14,20,33,35,38,9
2,16,23,26,33,34,29
10,11,19,22,30,42,14
11,13,26,30,37,39,31
5,13,18,24,25,28,7
2,6,11,19,37,42,14
1,8,22,24,28,29,40
12,14,16,23,27,36,30
5,19,31,35,36,39,7
6,8,12,20,30,31,26
14,27,29,32,38,40,1
7,8,24,27,30,40,12
3,19,24,30,40,41,5
9,12,13,17,18,28,41
10,22,30,36,38,39,2
3,7,11,21,25,36,27
2,8,30,32,40,42,19
11,19,26,32,35,39,29
8,13,21,22,25,40,9
6,11,12,21,37,39,30
3,4,11,18,28,32,12
3,16,24,33,38,41,7
16,18,19,34,35,37,30
2,7,8,15,25,28,40
5,7,12,13,26,35,15
1,3,6,14,24,33,37
5,8,12,16,21,38,9
1,2,12,14,34,37,13
2,7,9,11,16,24,20
5,9,14,29,34,38,28
1,15,21,23,29,31,32
1,2,21,22,25,37,14
3,11,14,16,17,25,31
8,25,27,32,33,35,36
2,15,26,29,31,37,13
9,12,17,23,28,38,2
11,17,30,32,34,36,20
1,10,13,20,31,35,37
4,11,17,20,23,34,29
4,6,13,29,32,37,33
3,12,13,17,18,21,35
6,14,19,31,33,34,2
3,16,25,27,29,35,23
13,22,23,25,34,37,16
3,7,9,12,29,32,38
8,16,25,28,36,37,3
1,4,8,13,25,34,19
2,3,8,10,13,29,11
10,15,24,27,32,36,30
3,9,17,19,28,30,29
1,11,19,29,30,32,4
2,21,26,31,36,38,23
3,20,23,31,36,37,17
5,10,24,35,37,38,16
8,15,19,23,27,37,33
4,13,15,24,33,35,26
7,20,21,23,25,34,10
1,5,8,9,26,29,22
4,5,14,17,35,37,34
10,11,22,26,30,37,1
2,9,12,17,20,37,34
14,25,26,34,37,38,8
11,18,26,29,34,35,30
1,9,19,25,31,34,5
3,4,19,28,29,30,15
2,4,12,14,18,30,5
1,6,10,12,29,36,25
3,4,5,19,20,29,11
17,22,23,28,30,38,8
5,9,21,25,32,36,37
1,14,21,24,36,37,23
1,8,10,12,16,38,30
4,7,24,32,34,38,1
4,6,9,11,18,19,10
9,15,16,17,25,28,23
7,8,12,16,22,31,34
6,17,21,31,34,37,8
1,21,27,28,33,37,26
6,8,15,17,20,34,27
1,3,11,14,20,30,23
8,12,17,19,35,36,23
4,6,15,20,32,35,12
20,23,24,25,27,33,26
10,12,18,25,32,38,1
4,16,19,29,32,37,27
6,8,15,19,24,25,11
4,19,20,23,26,37,7
3,8,22,24,29,33,16
9,12,15,18,27,29,35
11,16,20,25,30,35,31
1,11,13,14,17,37,30
3,7,13,15,23,27,6
6,8,10,12,13,18,21
21,23,29,32,35,38,6
8,17,27,32,35,37,4
1,11,18,20,23,36,38
5,8,14,19,21,36,2
6,12,13,19,20,28,17
7,14,19,20,26,35,22
11,18,19,24,26,38,2
1,14,16,21,26,37,15
2,4,12,19,23,32,15
3,15,21,29,34,38,16
9,25,27,29,30,31,24
16,25,26,32,34,35,17
9,10,12,24,30,32,19
7,11,20,31,32,33,10
1,8,11,14,16,33,38
6,11,14,24,31,37,9
12,17,24,31,35,38,15
9,13,16,27,30,35,4
1,3,5,11,12,25,9
5,7,18,32,37,38,23
11,12,19,23,24,31,28
2,6,7,27,32,36,31
3,5,9,17,30,38,13
14,20,21,29,35,37,34
2,3,16,20,21,33,11
5,6,7,25,27,33,14
8,9,16,23,34,38,13
4,6,21,23,26,36,7
2,6,7,14,16,34,20
2,6,8,15,29,36,19
2,8,13,17,18,22,16
5,17,18,20,21,29,33
3,5,11,17,23,36,34
1,11,14,29,36,37,31
1,10,13,14,28,32,22
1,6,19,20,25,29,33
3,6,8,13,31,35,24
1,21,23,29,36,37,35
2,12,15,22,25,37,10
1,8,12,13,34,35,10
9,17,26,28,31,33,37
14,15,17,19,22,24,26
1,7,10,30,32,35,12
5,8,14,18,20,33,6
4,6,9,11,12,22,3
1,21,25,28,35,38,2
1,3,21,34,35,38,27
6,18,19,22,31,37,8
15,23,24,26,31,37,20
7,8,9,15,19,29,12
6,8,11,18,35,37,22
1,4,5,17,26,31,16
9,10,14,22,24,35,2
4,18,25,32,33,38,23
3,7,13,26,29,37,16
8,17,20,25,26,31,24
3,10,14,15,21,28,35
6,8,17,29,35,36,25
8,10,16,27,30,38,15
12,16,32,33,37,38,29
9,10,12,13,25,33,14
12,13,14,21,23,35,10
2,9,10,22,26,27,6
3,9,29,31,36,38,32
14,16,22,23,36,37,21
14,18,19,20,26,34,30
4,7,12,16,25,38,8
10,18,26,30,35,37,38
6,12,25,29,34,38,15
2,10,13,26,30,33,38
2,3,11,22,34,38,24
4,15,17,20,21,28,14
8,13,17,25,30,38,15
3,6,11,12,18,32,2
6,12,13,25,34,36,37
5,8,14,16,28,33,17
3,4,8,20,24,32,11
3,17,20,23,24,33,7
2,3,8,23,31,35,16
4,18,20,25,26,35,11
4,13,17,22,30,31,8
4,14,18,29,33,34,26
2,8,12,22,25,38,37
3,7,17,20,21,25,16
2,19,25,28,31,33,11
5,7,10,16,23,34,33
1,14,23,29,31,34,7
7,9,17,19,23,26,16
11,15,27,29,37,38,4
5,6,7,8,15,27,13
1,14,15,16,23,36,12
7,11,12,17,19,33,34
10,12,22,23,28,33,3
2,20,23,25,32,34,24
4,6,9,16,19,32,8
1,5,18,32,34,37,27
5,6,13,28,30,37,27
8,13,21,22,24,27,2
20,23,30,32,34,37,1
5,8,11,12,19,27,1
5,8,20,21,22,23,1
14,19,22,23,28,32,2
5,8,13,24,29,31,33
4,7,8,22,27,35,38
3,17,23,25,32,33,21
12,14,25,30,31,38,8
3,13,18,23,25,30,28
3,8,9,13,16,19,18
3,6,16,18,29,34,23
6,11,25,33,34,36,27
1,4,15,26,28,31,19
2,3,17,20,25,34,38
9,14,18,20,22,28,2
8,15,22,29,31,34,11
8,11,18,22,23,38,37
1,6,7,26,32,36,13
7,8,12,14,16,23,5
2,4,18,22,33,35,31
4,5,14,16,34,37,2
3,5,13,18,20,23,34
1,2,5,11,20,29,24
1,15,17,27,36,37,14
2,5,7,11,18,28,3
10,11,12,14,19,35,25
8,9,12,22,32,36,38
9,17,20,23,34,38,14
5,6,22,23,30,36,8
9,14,16,19,35,37,2
1,7,10,19,24,28,35
8,13,15,20,27,38,33
2,7,9,30,32,37,19
5,8,9,18,23,35,15
8,9,11,12,30,38,34
2,9,27,29,34,36,38
7,10,12,16,21,26,5
4,9,11,15,22,25,32
2,3,7,8,10,36,13
9,10,11,14,19,38,26
16,22,26,28,33,38,37
8,22,23,28,36,38,24
7,10,12,18,22,33,1
3,4,6,17,21,28,31
8,20,22,25,29,33,13
1,5,6,12,17,25,21
9,17,18,29,33,38,35
1,7,9,12,19,22,37
2,9,18,20,23,25,14
8,9,15,18,26,27,20
11,17,18,29,34,38,37
5,17,18,26,36,37,9
1,2,12,23,28,36,35
2,6,11,14,22,31,36
8,13,16,25,30,38,35
3,6,11,18,26,38,34
1,9,14,19,21,25,26
2,5,7,14,15,23,29
8,9,18,21,27,37,12
1,2,14,24,26,35,15
1,2,10,20,25,31,15
1,2,9,15,25,28,8
14,21,26,32,37,38,11
3,6,10,19,25,28,32
4,6,9,17,27,29,18
3,10,13,14,28,30,35
15,16,24,25,26,34,33
1,3,4,7,35,37,9
6,10,12,24,32,33,16
7,10,11,19,26,37,5
9,12,16,24,30,33,2
3,17,21,28,34,36,26
2,4,10,20,24,30,22
8,10,14,28,32,36,31
13,15,25,27,31,37,2
3,11,13,15,23,28,7
6,9,12,13,33,39,21
16,21,27,30,31,47,35
2,4,25,26,34,43,41
18,19,28,29,30,34,12
14,15,20,29,32,39,43
13,28,29,32,33,34,43
2,6,13,34,40,44,14
22,29,34,36,44,46,37
4,6,11,22,42,48,23
17,22,26,29,37,43,31
14,17,20,25,43,48,15
1,2,26,31,39,40,38
7,13,18,19,25,37,14
4,21,25,32,37,43,2
3,6,17,23,28,32,45
8,12,23,24,45,46,36
1,11,17,25,41,45,32
12,15,22,23,41,48,17
8,12,17,18,19,34,37
8,14,21,22,30,31,48
1,2,7,26,38,43,4
6,16,20,25,33,46,12
2,12,14,30,41,46,29
11,17,21,36,43,49,5
11,13,15,21,35,38,37
3,7,42,45,46,49,8
16,24,25,26,39,44,30
5,14,26,38,41,43,4
24,25,26,30,36,48,45
13,14,20,30,37,45,1
13,17,19,26,39,45,11
3,11,19,20,22,28,13
22,25,29,31,34,46,49
1,10,13,33,34,46,7
3,9,13,28,40,48,39
6,27,40,44,45,47,11
3,4,10,23,25,26,33
4,10,11,14,32,36,9
2,4,18,20,32,49,30
6,28,30,34,43,46,9
1,16,17,30,36,49,44
6,22,27,34,42,44,36
1,17,30,31,32,45,33
1,4,31,32,34,35,33
6,15,25,37,41,49,3
2,10,16,22,30,33,41
5,12,41,43,45,46,33
5,11,30,34,44,48,40
6,9,11,17,22,36,44
11,17,29,36,44,49,33
12,17,19,22,27,42,48
6,10,11,16,29,44,37
7,19,27,31,42,46,39
4,5,7,13,24,30,49
3,4,8,25,36,42,32
2,5,32,38,42,49,44
2,3,7,26,30,49,6
11,15,24,27,37,46,1
1,15,28,38,41,42,24
20,31,33,40,42,46,30
3,11,19,21,40,42,14
13,14,21,24,27,30,20
5,17,19,26,28,43,25
11,16,27,33,34,40,7
5,6,11,16,19,42,10
10,22,31,32,41,48,24
13,29,31,38,45,46,43
14,31,34,37,42,48,29
4,22,28,29,44,47,32
9,16,18,32,41,47,46
12,25,26,31,36,42,29
7,13,14,20,21,49,34
8,10,11,21,23,44,42
7,19,26,37,38,46,29
5,6,8,9,10,43,13
1,15,16,33,35,48,10
26,27,40,41,42,43,28
7,13,15,20,22,47,19
12,15,21,23,25,35,24
3,6,19,22,31,32,5
1,7,10,32,42,45,26
4,23,36,39,45,47,25
10,21,23,25,38,42,33
3,10,20,21,24,48,26
6,13,30,34,38,44,48
10,12,13,24,31,40,47
1,10,25,28,38,49,23
23,26,31,33,36,38,21
12,24,25,27,34,36,39
9,12,17,28,40,43,13
8,11,14,17,23,33,30
7,11,20,38,39,45,30
2,14,27,28,44,49,30
3,4,9,10,27,31,26
4,12,23,30,35,48,46
5,16,23,28,38,47,49
2,8,11,12,26,35,47
16,28,35,44,46,48,26
5,15,24,37,38,39,6
2,12,18,22,34,36,8
3,4,13,26,39,42,18
3,5,18,23,40,45,41
1,8,16,22,24,30,14
3,18,33,34,43,49,2
5,10,27,37,39,46,8
6,23,39,45,46,47,18
1,3,14,17,36,49,10
1,2,15,21,31,35,33
7,14,16,38,45,49,25
1,23,26,27,33,41,18
14,17,30,31,36,47,28
3,25,39,44,45,48,13
2,17,31,35,37,46,3
7,8,19,30,43,48,49
11,31,41,44,47,49,25
19,26,28,33,38,46,48
5,7,24,26,30,47,36
12,14,21,23,25,30,3
6,11,21,22,35,41,27
2,4,36,41,42,48,34
14,21,25,27,43,47,5
25,28,31,32,34,36,43
1,6,16,34,36,40,38
1,3,16,31,42,48,23
5,12,19,21,33,42,9
7,10,12,22,30,34,8
2,5,6,19,38,45,1
7,10,23,44,45,47,38
1,2,9,25,28,44,42
20,22,28,38,41,47,25
5,15,28,29,33,40,26
5,15,23,29,31,44,17
2,6,9,24,27,45,49
18,20,25,36,48,49,21
11,20,40,41,45,49,36
4,5,22,33,36,43,26
1,16,25,34,36,38,41
4,5,15,20,29,39,34
1,3,29,35,43,47,40
5,14,18,34,44,47,10
1,2,7,9,16,29,15
15,28,29,31,32,47,18
1,6,11,37,41,44,4
2,4,14,24,27,46,28
2,8,9,10,21,31,44
3,9,16,18,41,48,22
4,8,11,15,16,25,43
4,15,21,30,41,46,48
3,4,9,10,28,45,37
4,6,13,22,30,44,5
9,14,25,31,36,46,40
8,12,16,25,28,45,49
4,20,22,28,47,48,43
4,10,18,34,40,43,3
10,17,22,37,43,49,8
2,4,5,9,35,45,48
2,15,17,31,32,38,11
6,12,21,27,36,48,18
1,11,14,18,35,43,25
3,22,31,43,46,47,14
7,11,13,25,30,40,6
11,22,26,28,33,37,42
5,12,25,27,41,44,18
9,14,24,27,37,41,12
2,13,16,36,44,47,21
9,20,26,29,40,41,21
24,28,37,38,43,45,18
9,20,22,31,45,46,3
13,15,33,37,38,41,47
3,8,11,36,38,49,19
17,18,23,24,25,28,41
2,4,6,21,25,46,28
9,10,36,40,42,43,41
6,12,20,43,47,48,41
5,8,22,26,27,44,10
3,10,11,36,37,45,29
4,24,28,30,35,39,19
4,15,23,41,44,45,46
3,26,29,38,43,45,28
2,11,35,37,48,49,5
4,18,26,37,41,44,6
1,8,19,23,38,40,5
3,15,16,25,40,48,18
2,8,24,28,31,48,15
6,11,23,29,45,49,26
3,11,26,43,46,48,5
27,30,35,39,43,47,25
11,13,14,21,42,47,22
7,8,17,22,27,44,28
6,8,23,26,28,36,37
5,10,22,26,31,48,41
6,8,17,19,30,47,23
16,17,23,32,42,48,2
4,7,19,30,36,46,48
2,13,29,39,44,49,35
2,3,4,17,27,39,15
7,13,23,33,34,42,30
9,11,30,41,47,49,4
2,14,23,25,26,40,6
7,30,38,39,40,43,13
25,31,34,40,41,47,15
13,18,26,28,35,48,42
26,28,29,30,36,37,18
7,16,32,39,45,49,30
3,20,21,22,26,27,25
12,22,24,26,27,47,40
1,2,7,8,27,45,19
6,7,10,13,31,39,18
6,15,22,25,35,41,32
18,23,26,38,39,48,45
8,20,22,39,45,46,31
7,11,22,24,28,30,35
4,12,15,19,26,31,41
3,11,18,20,21,26,24
1,11,16,21,23,40,10
10,29,30,32,43,47,35
4,5,13,26,32,42,46
2,8,12,20,26,33,13
11,15,18,25,29,49,5
12,21,34,37,38,39,27
3,15,21,23,36,49,10
5,6,18,23,26,29,16
2,14,18,21,37,43,13
7,12,16,17,19,33,39
9,17,18,27,36,42,10
5,8,24,31,32,39,4
5,7,9,15,31,34,38
6,13,15,17,18,22,3
4,21,25,35,39,42,45
3,9,18,42,45,46,5
12,28,30,40,47,49,3
7,23,28,29,38,46,14
5,8,9,15,29,45,18
12,17,26,31,35,48,40
6,10,11,32,34,39,7
5,23,36,38,40,42,1
8,10,16,22,37,38,14
1,23,25,37,39,45,21
4,6,14,16,20,41,2
9,13,15,27,34,42,2
3,9,19,40,44,49,4
9,12,30,33,42,49,4
3,16,24,25,40,43,48
2,3,19,26,27,41,7
5,8,18,26,38,42,2
2,12,19,26,34,46,38
8,20,35,36,45,46,44
1,23,28,46,47,49,6
11,20,31,38,42,46,37
1,15,20,37,47,48,38
2,9,15,16,22,49,7
4,11,34,35,45,48,24
4,12,15,37,41,42,19
3,4,15,23,26,47,12
8,11,12,32,38,45,24
1,25,35,37,44,46,43
3,8,14,18,19,43,29
1,18,31,39,41,47,44
1,20,29,30,35,39,43
11,15,17,21,23,31,9
8,9,14,19,20,33,29
14,23,24,41,44,47,10
1,6,9,16,42,44,3
6,16,24,34,42,43,23
11,20,31,34,36,38,15
7,30,37,41,43,49,10
14,16,25,27,42,49,44
4,36,37,42,45,46,1
12,28,29,35,37,42,8
3,20,21,42,44,46,25
4,8,12,20,22,39,48
3,9,16,40,43,48,42
6,10,19,27,32,41,43
18,23,25,28,35,36,16
16,20,24,30,38,40,6
10,11,14,17,21,45,19
17,24,34,38,42,49,30
5,6,25,33,38,49,47
2,5,27,30,33,48,19
11,12,15,28,43,48,37
2,8,11,14,15,21,31
1,10,37,39,43,44,35
1,9,21,39,40,41,46
6,13,20,21,33,40,26
2,6,8,25,30,45,38
8,19,30,33,37,43,22
6,7,23,31,33,36,24
7,15,20,32,36,44,3
1,17,21,35,36,46,19
9,17,23,26,30,41,19
8,13,16,41,43,46,31
9,10,12,25,33,38,5
1,4,5,15,18,42,6
5,7,11,19,36,42,23
6,8,29,39,46,49,23
6,30,34,45,46,48,29
5,18,20,33,38,40,34
12,14,20,22,37,40,23
5,17,29,34,38,47,26
2,17,28,29,38,49,16
6,7,11,19,47,48,17
1,23,34,37,43,45,9
14,19,31,37,42,45,11
3,6,7,14,16,43,17
14,26,28,35,41,45,33
5,27,28,30,35,42,37
16,18,37,38,45,46,10
2,4,8,27,33,48,14
12,19,30,32,34,36,37
16,32,42,45,46,49,3
6,13,24,31,32,49,3
1,4,7,8,25,31,33
13,21,23,27,31,49,19
12,19,23,42,44,48,33
26,28,35,39,44,45,18
10,16,26,28,31,33,44
13,28,33,38,43,48,4
6,26,27,44,45,46,2
6,7,15,31,36,44,29
8,13,18,26,34,36,17
6,18,26,39,42,45,14
7,8,10,12,47,48,38
12,16,26,32,41,48,1
7,28,30,41,45,48,44
2,8,25,39,43,46,13
18,19,27,34,44,48,37
1,13,19,33,38,45,36
5,13,25,30,39,48,36
6,22,36,39,48,49,28
12,15,24,32,39,49,6
2,15,16,31,33,46,40
12,14,20,21,23,31,45
4,13,22,24,26,41,28
28,35,36,38,43,49,47
14,15,25,37,47,49,13
5,6,17,19,20,32,18
4,11,21,39,42,43,10
14,31,33,40,45,46,49
4,10,39,43,45,49,33
10,18,22,34,35,37,41
2,4,6,20,42,47,39
5,15,23,28,31,33,49
8,31,40,44,45,48,6
9,15,16,19,44,49,37
8,20,22,25,38,40,41
9,10,29,32,38,42,37
21,24,28,34,45,49,46
6,22,34,38,40,44,15
1,16,27,28,41,46,38
10,13,21,26,29,47,49
13,31,35,40,47,48,39
11,12,27,41,43,46,36
1,18,30,32,41,48,24
2,11,13,25,34,36,38
10,15,18,43,45,48,11
7,8,11,25,34,43,16
1,16,23,25,36,47,21
1,2,11,26,28,46,16
3,5,20,38,39,44,43
11,17,28,34,36,46,26
20,28,33,41,43,45,10
13,32,35,39,41,42,1
18,24,37,38,43,47,2
9,23,26,28,29,44,31
1,5,9,21,24,49,35
9,12,23,36,44,48,26
2,29,34,40,44,45,1
5,10,13,18,34,35,15
15,29,37,39,48,49,46
2,5,10,19,23,25,11
1,7,12,22,29,31,4
13,21,32,39,42,46,36
1,6,7,25,39,41,5
2,12,15,27,38,40,35
1,5,18,25,35,41,14
11,22,27,29,35,40,48
2,5,12,25,26,38,6
2,12,31,35,43,47,40
16,24,25,38,42,46,6
4,6,7,12,25,47,9
2,11,22,29,34,39,45
23,31,35,40,41,44,21
9,17,18,21,42,48,7
3,5,22,32,42,49,28
3,14,18,22,28,36,47
2,15,22,27,45,48,32
20,25,29,31,37,46,49
1,16,24,31,35,39,21
8,10,12,28,38,42,33
8,9,16,17,19,30,45
3,4,8,9,24,49,23
3,10,19,26,29,48,18
9,36,38,40,46,47,13
9,20,23,26,28,37,44
5,7,11,18,38,40,31
15,17,22,28,36,46,24
10,25,29,34,47,49,17
3,11,13,16,21,36,26
1,4,9,17,19,41,7
4,10,28,44,45,48,39
1,10,27,40,43,44,2
1,2,6,12,18,24,25
3,5,16,17,32,37,24
16,20,22,39,42,46,38
1,16,17,20,22,42,29
1,22,23,43,46,49,33
8,12,16,34,36,47,33
8,15,16,19,30,45,44
1,16,31,38,43,44,42
8,10,17,28,32,34,42
10,15,16,20,27,43,19
1,17,26,27,34,39,13
4,7,13,19,23,49,17
15,19,20,22,28,44,42
5,6,9,18,31,37,32
10,12,16,18,22,29,30
13,18,27,43,47,48,21
5,13,29,31,39,40,33
3,7,12,17,28,44,36
3,7,8,27,37,49,48
5,8,10,31,32,41,11
6,8,18,25,26,36,13
9,13,14,26,30,37,5
1,4,15,20,24,40,32
21,34,38,41,42,49,25
1,2,6,18,20,38,29
17,29,30,33,35,42,10
1,3,6,7,15,27,39
5,12,19,22,25,27,29
1,22,31,41,42,46,36
16,22,26,31,39,43,9
1,3,7,12,30,43,22
6,16,33,37,40,47,28
1,7,9,10,18,27,43
1,15,22,25,38,47,16
12,25,28,40,41,42,29
7,8,21,30,36,44,4
3,21,30,34,44,49,13
1,9,27,33,38,49,31
11,14,27,32,34,49,28
2,3,5,13,33,49,10
1,8,9,12,19,26,49
8,16,24,25,32,33,12
13,23,28,30,38,44,26
11,23,29,32,37,39,31
5,6,23,25,28,42,43
13,20,32,33,43,47,28
4,13,25,35,38,43,30
10,15,31,36,44,49,7
4,15,20,45,47,48,34
2,3,11,32,35,42,18
11,13,14,33,39,45,41
9,10,15,23,46,48,38
15,17,23,36,43,48,21
11,31,37,38,41,47,18
3,7,21,22,26,40,41
8,14,17,42,45,47,39
2,10,11,29,37,44,13
4,7,15,24,41,49,30
8,11,12,20,32,42,30
1,20,24,27,29,31,4
1,20,22,31,40,42,38
14,19,20,22,34,39,37
7,8,20,21,31,39,6
1,7,15,32,40,41,9
3,20,21,24,28,39,23
2,7,8,20,33,43,4
1,2,9,10,38,41,31
15,20,24,35,43,48,9
6,10,17,21,43,49,33
14,23,32,33,36,42,3
7,21,22,23,34,36,11
6,16,21,36,37,45,40
4,6,9,15,20,38,27
1,17,25,29,30,33,47
7,19,25,29,35,43,1
16,39,41,42,43,45,14
7,11,18,22,37,38,30
5,10,29,41,44,45,6
8,16,20,33,35,49,24
16,22,24,33,43,49,45
8,14,23,24,43,44,4
2,16,25,35,39,43,26
4,5,8,26,31,37,10
2,4,6,18,23,24,32
2,24,25,26,28,46,49
2,3,10,21,25,34,47
2,3,14,22,32,33,24
10,23,27,28,35,46,2
1,9,16,18,34,37,12
2,25,31,32,44,46,7
2,13,23,28,35,48,18
2,9,20,22,29,35,38
15,29,30,36,41,42,39
1,7,9,13,22,27,34
18,19,37,41,45,48,9
1,20,28,29,33,34,40
13,14,20,24,41,47,6
8,28,30,43,44,46,12
5,11,15,19,28,36,46
2,4,7,8,18,30,33
5,6,8,9,14,49,3
2,7,12,14,36,41,35
1,3,9,11,19,47,40
11,13,19,20,32,40,9
15,25,30,33,40,46,18
11,13,33,34,39,45,15
7,15,23,35,36,43,8
14,17,20,29,34,39,7
16,17,21,28,30,37,9
4,15,26,39,46,49,11
1,5,7,16,17,41,20
7,21,29,30,37,49,36
2,3,8,31,40,44,45
1,5,6,16,26,41,48
2,28,34,36,39,42,24
14,25,26,35,39,40,37
3,10,15,30,38,45,41
2,7,23,25,39,45,22
8,15,18,33,37,40,32
3,9,25,26,36,39,35
2,6,23,26,35,38,11
4,15,20,21,29,33,16
4,15,27,30,37,45,19
4,11,18,33,47,48,30
8,24,25,26,33,40,13
7,21,22,23,40,43,34
10,11,21,28,38,40,29
13,14,27,32,35,38,48
2,5,10,23,39,41,48
3,10,14,23,42,43,34
4,7,10,21,27,32,37
9,12,18,30,46,48,42
2,3,7,24,42,45,10
5,16,21,22,36,43,28
1,13,24,34,40,49,37
4,11,23,25,38,46,17
13,17,19,26,34,36,2
7,14,26,28,34,45,9
6,13,21,26,31,32,30
9,13,26,28,36,38,46
9,24,32,45,46,47,33
1,5,18,23,29,35,27
2,7,9,11,18,31,5
2,7,18,21,25,29,32
1,2,18,28,34,40,25
13,16,23,25,31,47,36
6,33,36,42,44,45,48
3,12,24,31,43,46,42
8,9,25,36,40,44,17
2,8,20,23,45,48,43
16,18,21,22,24,38,34
11,16,23,27,36,39,35
13,20,21,24,42,49,43
5,18,29,30,39,43,26
3,5,21,26,38,43,32
12,15,37,42,45,47,29
3,15,19,22,24,31,5
1,3,20,26,39,44,30
5,7,14,15,18,45,11
11,31,32,38,46,48,42
1,2,16,18,32,40,15
3,8,33,39,41,48,32
21,29,30,34,36,45,49
11,12,20,28,34,46,41
6,23,27,42,44,49,15
26,27,35,36,44,49,42
12,13,32,41,43,44,21
3,5,8,10,25,30,15
2,12,19,23,40,42,9
6,21,22,29,43,49,48
6,12,33,38,43,45,49
4,7,9,21,26,34,28
17,19,32,40,41,47,37
2,25,31,37,39,47,35
3,8,21,26,30,46,11
4,5,15,37,41,44,8
9,11,13,16,38,42,6
5,17,27,28,39,48,44
1,3,7,22,40,47,15
2,10,13,15,25,49,4
4,7,9,10,24,42,41
2,21,23,27,44,48,30
1,2,15,26,31,49,43
3,24,27,28,30,46,42
4,8,15,26,39,49,34
11,12,18,31,46,47,27
11,13,32,37,42,43,20
1,7,9,15,21,38,31
12,23,39,44,45,48,47
7,8,12,19,26,36,9
5,28,31,36,40,49,20
8,11,12,15,19,20,34
10,16,18,31,33,48,7
2,4,26,36,43,48,30
2,4,8,9,26,38,23
3,4,8,12,21,42,48
1,9,13,16,33,37,4
17,27,32,37,45,47,25
9,15,25,28,30,35,22
9,14,15,22,26,33,16
10,14,17,33,40,41,12
5,13,28,40,44,49,43
13,15,20,29,30,43,1
1,11,12,14,41,46,45
5,6,18,19,21,34,10
2,12,28,32,42,46,23
4,8,12,20,37,39,30
5,13,20,26,29,34,30
1,2,10,44,45,46,22
2,7,22,25,26,42,44
13,25,32,33,38,47,26
1,4,8,10,34,49,46
5,13,15,20,26,31,35
2,7,13,23,27,40,4
1,5,6,15,19,26,14
11,23,27,29,38,49,40
2,3,13,19,22,39,21
4,16,19,27,32,39,21
12,15,20,29,36,48,31
4,35,38,43,44,48,37
3,16,32,42,43,45,6
10,11,14,24,27,47,32
9,12,22,30,42,47,27
12,21,25,29,42,48,6
2,16,20,22,23,27,46
11,18,24,32,38,40,47
1,8,19,21,43,45,30
1,23,34,36,46,48,18
4,7,26,41,47,49,3
13,24,25,32,35,45,5
3,23,24,31,32,46,47
25,26,28,33,39,40,10
16,18,29,34,44,49,8
9,15,18,21,27,41,46
1,5,14,19,33,36,16
9,13,32,34,35,45,38
1,14,23,31,32,40,35
5,26,29,36,43,49,12
12,14,27,30,37,43,36
5,19,23,40,45,48,6
5,6,22,32,34,47,1
2,3,9,33,34,38,45
3,15,21,22,35,38,4
5,7,12,14,16,36,4
18,19,23,31,35,38,22
26,36,37,39,41,46,4
5,8,18,22,29,49,47
11,22,28,35,37,48,49
9,17,19,23,35,36,34
16,37,41,46,47,49,14
1,6,16,21,41,48,12
9,23,27,28,31,41,44
4,5,29,36,40,49,26
12,14,34,42,46,49,25
1,24,30,31,34,40,43
2,7,21,23,32,41,42
3,4,30,45,47,49,27
12,14,16,34,35,48,43
8,35,36,37,39,44,20
4,15,23,32,34,35,18
19,23,28,32,38,49,20
11,13,29,33,42,45,2
3,6,16,21,28,47,18
3,6,14,27,28,33,5
4,12,16,27,44,47,39
1,20,30,32,34,43,3
3,18,19,20,26,43,10
2,5,15,28,35,40,1
11,15,27,28,37,39,4
8,24,25,40,42,46,10
1,20,21,27,42,43,26
2,4,17,20,27,44,24
2,5,15,20,26,48,8
9,15,26,28,36,42,40
11,24,27,39,46,47,20
1,4,11,18,20,48,5
7,10,20,23,32,45,17
5,11,21,25,43,48,31
11,24,25,32,33,35,23
2,5,8,15,31,34,12
16,17,18,20,32,45,9
5,22,23,27,29,43,47
8,15,22,42,43,49,7
3,15,33,38,44,49,30
8,11,12,14,23,36,45
3,13,15,25,29,49,9
10,19,21,22,28,47,39
3,24,25,28,38,40,11
2,13,22,30,36,48,9
6,14,18,19,20,42,9
8,21,28,33,38,44,27
6,8,30,45,47,48,29
8,14,27,30,42,47,29
4,7,20,23,31,43,47
5,7,18,20,38,47,37
3,4,8,16,41,43,22
10,14,18,41,42,49,24
1,2,19,22,26,44,3
12,13,24,34,35,39,14
1,22,35,38,39,45,8
2,8,29,36,42,44,22
3,4,19,22,32,40,11
8,12,23,37,38,48,20
14,16,21,32,35,43,49
3,11,14,39,41,48,6
8,9,10,20,31,40,25
1,11,20,28,30,46,10
12,21,27,35,36,37,8
1,4,8,13,18,49,3
3,14,22,35,43,44,26
4,13,19,26,27,28,33
4,5,21,34,36,39,28
5,8,13,16,28,47,46
5,7,21,30,31,36,49
3,10,23,36,37,39,15
2,7,10,12,15,43,22
3,6,40,43,44,45,41
2,3,26,30,32,48,41
18,22,23,35,44,49,26
7,8,24,34,36,38,16
17,23,33,38,43,48,19
21,22,30,37,38,49,34
1,17,22,26,29,33,3
15,16,17,20,32,41,8
9,25,28,30,35,41,12
1,12,23,35,38,45,26
16,27,39,43,48,49,1
2,13,17,27,31,36,18
4,9,27,36,38,39,2
14,19,23,35,37,47,42
11,13,34,35,47,49,20
7,10,11,12,14,20,41
16,17,20,32,39,45,46
15,38,40,42,46,47,17
2,32,36,37,39,43,3
12,13,17,21,31,39,20
3,4,13,18,24,42,47
1,6,17,25,40,42,15
10,33,41,42,47,49,3
5,6,23,31,39,41,16
3,4,7,34,36,45,24
9,12,15,24,33,35,18
14,20,23,26,37,38,33
13,15,20,32,35,39,11
2,3,20,28,36,44,21
3,8,14,27,31,48,23
12,16,18,22,23,27,41
1,6,24,25,32,47,38
5,11,13,21,22,42,25
4,19,28,29,30,41,10
3,15,23,30,36,37,28
6,8,20,24,36,47,27
1,18,35,39,43,48,2
4,10,12,18,22,40,24
14,20,30,32,35,43,33
8,10,20,24,28,29,32
9,10,23,29,37,38,44
4,6,14,24,29,33,45
15,28,37,38,42,47,33
22,35,37,41,46,47,24
4,21,22,26,36,46,41
20,37,39,40,41,45,8
1,7,16,17,22,23,19
10,15,18,24,28,43,35
6,22,23,24,36,44,3
5,12,25,35,38,42,28
16,19,21,29,36,42,10
1,3,11,15,26,48,28
2,33,34,42,44,47,10
1,16,19,24,25,26,21
5,10,24,32,43,48,4
5,9,15,32,38,43,12
8,12,13,15,35,46,30
3,8,22,27,31,39,14
6,10,19,29,37,41,9
5,17,21,31,33,48,25
1,2,19,31,47,48,36
1,10,13,40,42,46,41
11,19,21,27,38,39,24
11,13,15,23,27,33,4
9,23,25,31,44,49,2
1,2,15,18,28,32,26
16,18,35,37,43,47,7
8,24,31,35,37,41,19
17,23,27,30,43,49,31
2,17,20,37,47,49,36
4,5,6,8,22,38,42
2,8,13,29,35,36,14
6,19,28,37,38,46,42
17,24,27,28,42,45,31
3,20,24,25,28,49,30
25,27,33,38,40,49,12
2,12,14,22,40,45,4
26,30,37,38,42,43,32
13,18,30,32,41,48,45
5,23,29,32,36,42,14
10,31,32,33,43,45,30
10,12,26,36,37,48,34
2,5,22,24,30,35,42
2,9,23,29,38,41,8
1,8,12,15,36,47,10
2,8,11,38,41,48,18
15,23,28,30,36,48,45
2,25,27,28,34,37,42
14,16,23,27,28,44,40
3,9,23,26,31,42,41
10,11,24,34,44,48,31
2,8,15,26,29,49,3
1,6,13,16,30,33,3
2,6,18,33,34,43,28
7,8,21,23,26,39,28
4,8,19,32,44,46,21
20,33,34,35,41,43,4
2,5,24,28,33,44,4
5,15,24,27,33,36,1
4,7,13,14,21,29,22
2,7,8,14,21,38,11
2,11,22,35,39,40,36
4,19,20,29,32,36,30
12,19,21,35,42,46,40
10,11,12,15,16,45,19
16,21,37,40,41,46,27
8,10,27,30,36,43,48
1,7,11,14,35,36,10
23,27,31,37,39,45,6
3,13,14,18,22,38,6
10,37,38,39,40,45,18
2,23,30,36,44,48,24
10,31,35,36,41,44,34
5,7,9,26,27,34,8
6,17,27,31,40,48,28
1,8,23,24,30,32,14
12,13,15,28,30,37,3
9,19,26,34,38,40,37
10,14,23,35,41,46,19
3,21,23,27,45,47,40
22,36,42,43,46,48,21
4,10,22,35,42,46,32
10,12,22,30,39,44,9
8,21,29,38,44,45,20
3,20,21,22,34,40,44
1,11,14,15,19,33,42
5,8,20,32,34,35,17
7,22,27,33,39,41,13
5,16,19,29,41,43,37
2,11,19,21,33,45,40
14,15,26,30,38,44,19
2,21,32,39,42,46,19
2,6,13,15,17,43,4
2,30,32,36,43,47,49
2,6,15,21,31,45,24
2,5,17,20,25,48,14
10,21,41,44,45,48,32
6,24,46,47,48,49,40
26,27,28,30,31,43,8
4,5,7,13,26,46,24
22,31,36,37,43,44,11
16,18,23,27,28,29,19
1,20,21,28,36,38,30
8,22,23,39,44,47,36
4,5,14,36,37,40,25
6,19,27,31,33,42,13
1,4,9,20,25,35,43
19,23,25,26,31,43,10
2,3,25,44,45,48,31
9,14,19,21,39,47,11
13,22,24,35,40,45,37
5,7,21,22,31,43,4
4,11,17,23,31,39,14
6,23,24,25,29,30,47
10,22,29,30,33,37,27
1,30,35,44,47,49,46
13,23,25,31,39,46,41
1,8,13,18,28,49,6
1,17,22,26,33,40,11
5,22,38,43,46,49,13
4,18,31,34,39,44,49
11,13,16,35,40,49,39
1,9,24,45,46,49,12
3,21,29,33,35,40,45
9,15,23,38,47,49,36
1,5,17,19,26,46,47
6,24,28,36,38,44,8
1,6,7,12,16,41,49
9,11,30,36,39,45,26
11,18,21,34,41,49,47
4,11,18,19,27,31,24
3,16,26,28,31,41,45
8,15,28,35,41,46,11
17,19,22,25,30,37,31
11,14,22,34,41,44,27
5,11,21,24,37,39,13
5,7,9,22,27,34,45
1,24,28,33,43,44,31
13,14,18,27,29,44,21
12,23,28,29,43,47,26
1,3,14,24,26,45,38
2,19,27,31,38,49,32
7,38,39,43,47,48,29
6,29,40,44,46,47,33
7,34,35,42,43,47,29
1,3,6,30,38,41,46
18,28,31,34,36,45,42
10,21,32,36,40,48,9
7,17,19,24,30,44,31
3,4,21,30,31,48,15
20,31,32,33,37,38,39
12,13,18,39,44,48,35
22,29,30,36,37,42,9
18,19,34,35,45,49,16
4,6,22,41,42,47,18
1,3,7,9,28,40,45
9,17,18,33,44,47,8
8,15,18,30,31,41,45
5,11,12,30,43,48,15
2,3,28,35,44,45,36
13,25,27,39,45,49,11
2,7,19,20,25,46,43
1,17,20,28,32,41,13
10,14,20,25,36,46,2
4,18,24,36,37,38,31
8,13,41,42,47,48,29
9,25,31,37,38,45,21
2,11,14,22,25,31,26
17,18,32,33,41,42,12
6,20,23,24,27,34,16
2,3,4,14,18,46,25
5,9,13,18,19,31,32
5,18,26,31,37,43,8
2,23,29,30,41,43,16
8,11,13,19,23,28,49
5,12,14,22,38,44,25
8,11,17,21,28,49,37
5,7,10,15,19,44,49
13,17,22,25,31,48,26
12,18,25,32,41,47,7
5,14,18,28,37,42,19
3,4,22,32,33,49,21
1,7,24,31,35,47,21
5,6,14,19,27,33,31
1,10,24,33,44,48,37
2,8,32,34,44,46,14
22,27,30,33,37,46,24
2,14,23,25,31,47,48
2,4,11,18,48,49,38
3,7,31,32,34,43,41
1,26,28,37,39,46,3
8,15,19,25,30,38,6
4,11,22,26,38,47,13
5,11,17,22,30,34,10
9,10,12,21,31,35,19
6,16,40,45,46,48,31
3,13,19,24,27,38,40
2,8,17,30,34,40,26
7,23,24,28,32,40,8
7,9,17,25,28,35,36
8,15,21,30,36,39,17
1,26,34,35,36,37,7
5,24,30,35,36,38,11
12,13,16,29,44,45,30
16,20,35,46,47,49,31
5,13,23,37,43,44,26
1,12,25,37,39,40,18
5,7,13,23,24,30,1
1,9,20,28,39,42,47
2,3,8,15,24,46,36
11,15,20,23,26,35,31
4,7,13,17,21,35,33
7,16,35,45,47,48,39
1,3,18,22,29,32,21
6,18,40,43,45,48,24
3,36,37,40,42,48,17
12,15,29,31,36,45,40
15,17,19,30,40,47,25
10,30,32,37,46,47,16
1,4,8,22,32,45,2
9,11,14,25,33,35,2
2,17,25,32,39,43,34
1,6,7,27,30,39,21
5,10,16,22,23,24,31
24,29,35,39,42,49,48
10,27,28,31,37,41,34
7,10,16,17,30,43,23
3,6,10,33,39,44,37
14,19,34,43,46,47,42
3,14,29,33,39,48,22
16,20,34,42,46,49,4
4,16,22,32,35,47,43
4,11,25,36,41,43,27
10,29,35,39,41,44,7
7,18,26,28,34,38,5
22,26,31,42,44,49,29
1,5,18,21,40,44,22
11,14,28,39,40,45,42
19,24,28,29,41,43,37
15,24,29,34,47,48,31
10,13,16,29,31,37,32
3,5,9,15,30,49,48
4,17,24,27,35,49,39
8,17,21,34,39,45,44
6,15,16,22,43,45,48
7,27,43,44,45,46,35
1,4,17,27,32,48,6
3,4,12,13,24,30,9
12,14,16,34,37,48,7
4,17,24,27,29,40,9
5,7,16,28,31,49,34
5,11,12,14,31,35,26
5,8,11,14,15,36,46
2,21,24,27,36,46,5
11,13,22,29,39,48,45
6,7,14,33,36,48,18
1,10,14,34,42,47,9
12,16,26,27,28,45,6
1,8,17,19,40,46,15
6,12,19,28,39,47,36
7,9,15,23,34,35,41
1,12,18,19,38,46,2
1,4,14,17,23,46,41
7,12,18,25,28,48,46
4,6,7,11,26,31,38
2,10,32,37,46,49,28
8,13,16,20,22,28,49
9,11,17,39,40,43,46
7,8,16,23,32,39,22
3,8,10,11,35,36,39
1,4,21,30,39,42,44
6,16,26,31,36,46,9
3,12,27,29,37,46,17
1,3,28,30,33,39,34
3,12,22,23,29,46,33
2,4,18,31,36,43,8
15,16,33,35,36,46,21
8,9,11,24,40,47,33
1,10,11,15,20,21,26
2,8,13,19,30,31,20
8,10,17,38,44,49,40
4,6,8,10,15,36,13
6,11,27,34,42,49,21
10,16,26,28,41,48,42
1,4,9,14,22,28,20
8,9,14,17,25,45,27
9,21,24,33,36,43,3
2,12,16,31,39,43,18
5,27,29,36,40,42,35
11,18,20,21,35,37,8
1,7,21,25,35,36,39
7,17,19,30,32,37,3
2,11,21,41,45,49,26
13,15,20,26,29,36,37
12,15,22,38,43,44,9
1,4,20,29,41,45,36
1,2,5,7,26,30,24
9,22,44,45,48,49,8
17,23,27,38,48,49,19
6,9,13,19,36,37,27
3,13,14,19,24,45,5
1,2,16,17,27,30,48
8,12,19,32,42,46,28
5,11,12,21,22,28,25
6,15,21,22,31,44,41
10,19,20,24,33,48,1
6,19,20,26,32,47,35
11,12,23,28,40,48,9
3,5,9,12,13,46,4
13,17,18,24,28,32,37
8,26,35,37,40,43,6
6,18,26,30,37,38,16
13,15,16,20,40,43,14
2,8,27,40,41,47,28
12,26,28,35,39,40,16
8,18,26,31,46,47,20
19,23,25,30,42,47,16
9,18,23,35,36,47,41
18,22,29,30,46,47,6
8,24,35,37,41,47,23
1,14,17,27,28,45,11
1,3,4,9,12,17,15
5,8,24,26,35,44,41
8,9,15,40,44,48,24
11,12,15,18,20,37,42
4,24,34,35,38,46,30
2,9,27,30,44,46,22
1,7,23,25,37,40,12
10,25,35,39,40,46,31
1,11,13,21,27,37,3
15,20,29,31,32,44,23
14,31,38,41,42,45,29
6,13,30,33,34,35,38
11,17,22,27,30,46,15
10,19,23,26,32,39,16
9,17,21,24,30,35,15
16,31,32,33,35,44,46
25,29,40,41,47,49,48
3,11,28,32,33,35,30
4,21,28,32,37,42,16
3,6,18,20,25,48,12
12,14,16,33,36,47,48
1,8,12,14,40,41,15
13,21,27,34,35,36,24
6,7,8,9,21,48,18
3,14,17,24,27,48,28
10,22,25,33,39,47,38
1,7,14,15,18,30,33
7,18,23,32,34,48,13
1,2,15,19,21,30,40
3,9,13,17,28,42,14
5,21,30,32,35,45,26
31,32,34,36,44,47,46
5,8,21,23,32,45,18
4,11,26,33,40,42,34
26,31,32,38,42,45,37
4,6,10,12,34,45,44
18,23,29,46,47,48,5
6,7,9,12,14,19,17
8,16,23,30,31,43,18
1,17,19,23,32,43,9
9,10,21,23,38,39,35
7,8,36,39,42,43,22
10,16,25,27,32,36,45
21,23,29,41,42,49,14
2,23,27,31,36,49,15
7,12,16,18,19,41,45
2,6,17,29,32,39,4
2,11,20,28,32,38,16
8,15,19,22,29,37,39
18,35,36,41,47,49,15
10,14,19,24,35,37,39
17,18,40,41,45,47,29
1,11,19,24,26,28,33
9,10,14,20,36,47,8
2,11,20,32,33,36,39
14,28,31,38,42,44,45
1,17,20,36,37,45,15
5,16,25,32,37,44,21
2,8,10,14,27,49,20
3,20,30,35,38,41,47
11,19,25,27,40,49,33
5,11,18,23,36,43,14
15,16,29,34,41,44,49
11,12,20,26,28,43,6
2,3,22,26,32,34,40
1,15,16,32,44,48,40
1,10,21,35,40,44,36
9,11,13,23,26,42,47
11,18,30,34,37,47,17
7,9,23,33,41,43,24
7,8,24,29,32,48,37
17,28,32,34,35,45,8
1,9,24,32,41,49,40
3,27,30,31,32,39,35
9,27,32,42,45,49,30
7,30,32,44,48,49,45
13,22,23,29,31,48,6
11,16,29,30,37,43,13
7,8,18,21,23,24,11
2,14,16,22,37,46,49
2,17,28,32,38,46,49
9,24,28,35,45,47,48
8,16,20,38,39,42,29
4,9,15,21,27,45,6
3,14,24,35,39,44,28
5,13,15,16,18,30,8
5,11,29,36,42,46,48
14,15,26,29,35,44,9
1,9,15,25,29,35,38
3,11,15,23,40,46,13
3,6,15,16,27,31,14
7,25,27,31,40,49,11
5,9,10,28,29,45,41
2,5,11,17,27,40,20
3,6,12,34,37,43,28
14,20,21,32,38,43,23
3,28,39,41,46,48,9
2,6,27,34,38,43,45
4,6,11,41,43,46,21
6,21,22,35,37,44,29
3,11,25,34,46,47,42
6,9,14,16,22,33,11
5,32,36,40,42,49,1
4,7,9,13,29,46,8
3,4,6,9,17,24,28
12,13,15,18,24,36,39
2,4,13,25,32,43,15
13,32,36,40,42,43,41
11,17,19,33,45,47,4
10,11,17,20,42,44,13
1,22,23,38,48,49,11
26,32,33,36,45,47,39
1,3,11,22,29,33,30
13,25,31,35,41,46,49
3,5,12,26,36,44,23
8,15,25,29,47,49,9
8,28,41,42,44,49,30
2,10,15,28,44,49,39
1,13,23,29,31,33,17
3,6,18,27,29,32,40
15,16,29,39,42,46,14
3,21,23,28,37,43,5
2,10,11,20,26,45,30
2,5,11,28,32,34,24
1,7,19,20,46,47,13
8,21,32,35,41,48,34
3,20,27,34,37,44,12
8,19,22,24,26,28,18
3,4,25,35,41,45,7
3,5,11,18,25,38,15
2,13,33,35,43,45,5
5,6,12,28,29,41,7
18,19,32,35,46,48,47
21,23,28,29,41,46,24
1,14,27,33,42,46,41
5,6,13,26,29,47,33
10,12,14,19,30,45,41
4,7,20,27,33,40,38
8,9,16,39,40,44,28
10,12,25,33,39,42,29
6,15,27,32,44,49,16
13,16,18,30,32,40,29
3,12,17,19,38,48,43
25,26,27,28,36,37,38
1,2,35,43,45,46,14
5,13,14,23,24,42,35
8,20,29,30,42,49,21
10,15,20,21,27,36,45
13,15,22,26,45,47,49
8,11,12,15,40,46,16
9,18,19,20,40,48,3
19,20,44,46,47,49,9
8,28,31,32,36,43,9
5,10,18,29,41,44,30
2,13,30,31,34,44,39
6,16,17,36,37,41,28
6,10,39,44,46,47,30
9,13,21,25,38,39,2
1,3,25,31,35,44,15
11,15,36,41,44,45,35
3,8,10,28,38,47,13
2,8,22,27,35,43,24
24,29,31,32,44,49,39
20,25,29,31,40,44,21
12,17,32,37,38,39,27
1,16,41,43,46,47,25
7,8,10,17,34,36,43
3,6,8,15,20,30,40
8,16,22,28,45,48,13
8,24,27,30,45,49,42
7,10,11,27,28,45,21
1,11,16,18,31,33,19
2,7,26,31,44,47,36
4,9,10,39,40,42,8
1,9,13,28,29,48,45
4,5,23,25,40,41,11
6,13,15,19,37,41,22
16,21,34,37,41,47,29
8,15,32,36,40,43,3
1,4,25,29,42,43,11
4,11,18,22,23,31,19
5,6,11,15,18,25,31
8,12,13,29,37,49,43
3,7,11,12,16,30,13
1,8,13,30,32,42,11
16,19,24,29,41,43,32
1,3,7,15,25,33,21
3,10,13,28,44,48,1
5,15,18,39,40,44,37
6,11,16,17,27,42,35
4,9,14,23,44,46,41
10,15,17,20,43,46,37
11,13,17,35,39,46,2
16,35,38,44,45,48,27
15,21,23,26,43,48,34
4,5,26,30,38,41,28
4,11,21,25,35,37,43
8,12,13,16,27,32,24
9,24,25,31,37,45,12
18,19,22,32,44,47,9
3,13,29,30,34,48,28
6,10,11,22,32,45,4
4,6,18,29,35,48,20
1,3,16,20,21,26,22
11,23,29,33,34,40,6
11,20,23,30,39,44,49
10,14,19,20,43,45,22
3,9,17,21,41,46,27
7,14,17,22,23,34,12
5,7,12,17,22,29,4
3,27,30,35,39,41,32
9,16,30,34,36,49,31
6,14,30,42,47,48,18
1,3,4,18,25,47,13
7,11,16,20,30,33,6
7,11,22,37,40,41,20
1,17,18,34,46,47,25
8,12,16,29,37,39,40
14,23,26,32,38,43,3
2,7,13,30,36,45,43
11,14,19,39,45,49,23
9,13,17,28,45,47,3
12,21,39,41,46,47,14
12,19,23,33,46,48,29
6,12,21,25,34,43,28
8,14,27,31,36,40,3
1,7,17,40,41,43,33
1,26,37,39,42,48,41
3,4,8,22,36,38,7
3,10,22,31,35,38,37
2,3,20,23,34,42,40
5,10,25,30,40,43,26
6,8,13,21,33,39,45
2,9,13,16,24,39,41
1,2,5,32,45,46,43
3,10,27,33,41,44,7
5,8,23,31,39,44,19
4,13,15,22,23,48,3
12,13,16,33,35,37,18
7,10,17,20,21,31,49
2,27,34,35,36,49,26
14,17,27,28,39,41,18
7,8,25,39,45,46,38
8,20,24,34,41,43,32
6,9,15,17,40,47,24
9,10,13,19,23,35,38
25,31,34,42,43,46,5
24,25,29,33,35,38,49
7,13,33,40,45,46,39
2,10,17,27,33,49,15
9,15,19,22,35,41,37
9,15,27,28,30,41,13
4,15,20,22,28,29,1
1,2,22,27,35,40,33
15,17,30,35,37,45,41
8,20,33,35,42,43,10
5,14,15,20,27,29,35
5,19,26,44,46,48,36
25,26,37,38,44,48,31
9,28,34,41,42,49,6
1,11,18,27,36,46,26
9,11,20,21,45,46,42
4,7,20,23,28,45,35
1,12,35,36,41,44,21
3,16,22,33,40,41,39
17,23,30,31,34,49,36
4,7,17,22,44,45,32
1,2,29,31,33,43,40
14,15,16,35,46,48,2
4,10,31,38,40,48,5
11,23,30,35,40,44,7
10,16,30,33,37,42,43
2,8,13,14,37,39,38
10,23,29,30,44,47,7
14,15,16,24,44,47,21
2,8,21,32,33,37,15
5,15,25,27,33,34,43
1,10,13,33,37,38,40
10,11,15,20,31,49,44
2,3,17,28,38,49,21
3,6,11,17,22,49,44
2,7,8,22,28,32,20
7,8,25,33,41,43,6
6,18,24,25,26,34,19
1,21,24,25,34,44,19
1,3,22,28,37,42,10
3,21,26,28,38,40,42
5,25,26,34,40,49,47
27,30,32,41,44,46,42
12,28,38,42,44,49,2
19,29,33,36,39,49,6
11,19,25,34,36,42,8
1,29,35,36,44,46,6
8,23,28,38,41,42,30
10,25,26,29,31,40,2
6,7,35,37,38,47,12
18,22,41,42,47,49,45
12,14,32,35,40,43,17
4,13,14,37,39,46,31
14,19,21,25,27,38,22
4,12,17,28,34,40,7
1,5,16,18,31,41,13
1,9,17,31,33,48,49
1,5,7,31,35,49,42
1,19,20,25,30,32,2
3,8,9,12,14,22,46
10,19,26,29,43,45,20
4,11,16,28,33,46,17
4,9,11,32,43,47,44
2,11,25,29,30,33,20
6,18,19,23,32,49,21
7,11,12,15,24,26,6
10,11,21,23,28,37,24
6,16,21,23,46,49,39
8,10,15,32,39,48,43
12,16,35,38,41,47,1
6,14,15,19,30,43,31
2,16,20,37,43,48,10
6,12,22,31,41,44,2
11,12,21,35,41,48,1
15,17,20,32,33,39,21
4,17,25,36,40,44,8
8,16,27,32,43,44,7
24,36,39,41,45,49,22
21,22,32,37,42,44,38
17,18,22,24,25,38,39
5,17,33,34,43,44,4
19,23,31,32,37,49,26
9,22,31,36,40,47,8
2,3,4,23,29,42,14
14,21,25,35,36,39,18
5,15,22,23,28,39,25
16,17,30,32,35,41,26
1,3,19,31,32,42,43
14,23,24,27,36,39,13
1,9,18,19,34,49,11
16,17,20,21,32,40,15
2,9,18,22,25,35,14
5,6,7,14,29,46,24
15,16,21,23,28,46,14
2,10,15,22,26,32,42
8,14,16,19,21,35,20
7,14,19,30,31,39,40
3,7,8,23,30,31,32
14,16,25,32,36,48,12
24,26,31,32,37,46,1
2,4,17,22,36,43,40
1,15,21,26,36,45,10
1,12,29,30,33,44,19
2,8,12,34,41,42,7
11,33,34,46,47,49,38
8,12,22,30,32,36,6
4,21,27,28,30,35,42
18,30,40,42,44,49,8
6,16,19,23,33,39,7
16,18,19,25,26,32,22
13,14,21,29,42,48,11
2,12,24,32,42,47,29
2,11,23,30,33,42,7
11,13,18,22,38,39,3
2,12,21,30,42,47,31
15,16,26,27,39,45,37
6,9,23,27,34,46,20
2,8,9,18,27,37,33
13,16,27,28,33,42,11
7,10,12,35,38,47,23
4,10,13,36,44,45,5
1,4,19,24,28,31,49
5,18,25,31,48,49,44
5,11,14,16,36,40,46
13,17,23,27,33,41,2
8,13,15,19,29,42,25
7,23,29,36,45,49,14
3,8,11,16,33,37,35
2,12,15,18,37,40,39
18,35,39,43,47,49,44
10,11,14,19,22,38,42
3,14,16,21,33,36,20
15,18,25,30,33,44,38
4,28,32,37,41,45,47
6,28,29,30,31,39,33
5,8,23,34,44,46,16
1,3,6,11,19,27,5
3,8,18,19,26,42,17
2,3,5,14,16,29,32
2,11,17,22,38,40,41
4,25,31,36,39,46,2
8,20,23,33,36,43,2
5,6,12,22,30,48,41
10,15,24,26,29,35,12
5,15,24,25,44,47,45
2,14,19,28,39,46,45
4,23,25,28,39,43,41
4,8,10,14,41,45,38
9,14,17,19,46,47,29
2,3,5,28,42,48,9
1,12,13,37,41,43,49
1,5,8,10,34,35,46
16,19,28,37,38,41,10
17,19,24,27,31,37,8
3,14,18,31,41,42,2
12,18,20,21,31,37,24
7,8,10,20,24,27,19
11,12,15,20,27,47,36
2,6,12,18,36,46,47
4,13,17,29,31,44,14
2,10,22,23,24,37,42
1,7,14,22,40,45,29
8,26,29,32,36,39,23
2,13,16,22,26,48,39
2,12,26,28,33,34,44
7,23,32,34,43,47,24
7,8,15,23,31,36,30
1,2,10,11,26,43,40
6,10,24,27,41,43,49
12,17,20,21,30,45,9
4,10,19,26,35,45,38
7,21,22,37,41,48,15
4,7,23,24,27,41,17
3,5,17,32,33,47,36
7,8,20,28,34,46,10
7,9,19,22,36,49,29
12,33,34,38,40,46,7
3,7,15,16,18,41,42
1,3,18,23,28,44,10
1,12,17,25,31,48,21
9,11,13,17,38,42,29
12,15,18,27,30,38,19
14,20,22,27,28,38,19
3,14,16,17,43,46,4
8,9,23,30,37,41,31
4,9,13,32,34,41,42
13,15,24,30,38,40,44
1,5,13,43,44,47,25
1,7,22,32,34,36,8
7,25,31,34,47,49,26
7,27,32,34,41,47,9
1,12,25,28,40,46,39
7,16,31,38,40,41,39
10,14,32,33,35,46,43
9,10,19,21,35,36,49
4,25,26,27,30,48,11
8,29,33,34,46,49,19
10,22,30,33,36,47,43
3,8,21,22,37,41,46
4,11,25,35,37,48,36
2,12,13,16,32,43,24
1,11,36,38,41,42,48
2,13,24,29,41,49,45
1,6,22,24,32,42,16
11,14,20,26,37,41,2
16,26,28,33,42,49,20
2,17,22,25,26,41,16
2,9,17,31,32,40,47
2,3,14,15,35,37,29
16,25,28,30,44,46,27
8,9,28,34,37,42,15
6,7,11,25,26,30,31
5,9,11,23,37,44,24
4,13,27,30,37,41,20
9,11,20,31,34,44,10
2,3,21,28,32,47,27
9,11,21,24,39,43,7
2,14,21,31,42,46,4
11,20,26,34,41,43,9
9,12,13,24,39,45,38
24,25,29,32,42,49,12
5,12,17,19,35,48,9
15,20,22,31,35,37,14
4,6,30,35,40,43,13
12,13,19,25,30,46,5
5,7,16,18,36,48,37
15,16,17,25,34,49,5
3,14,19,21,35,48,13
8,12,17,28,31,34,1
3,7,9,31,39,45,35
8,10,11,39,42,44,27
12,15,34,37,43,46,38
4,6,10,15,42,49,12
2,8,14,21,37,44,49
14,16,18,23,25,44,41
19,29,36,37,45,46,18
11,23,34,36,41,45,43
3,5,10,11,29,45,25
19,25,27,39,40,46,6
1,2,7,20,27,37,19
2,8,16,33,42,47,14
3,9,10,42,44,47,5
8,13,16,23,35,41,21
4,6,7,12,20,21,29
1,24,39,40,46,49,33
7,18,20,32,42,49,24
6,9,13,20,42,43,21
8,10,23,33,41,46,48
3,9,28,32,39,47,7
5,16,18,32,41,47,2
2,5,26,29,38,39,7
4,12,14,15,22,48,28
7,21,35,36,42,43,10
7,11,23,30,38,49,45
4,31,34,36,40,44,20
7,20,21,34,37,43,5
27,33,36,41,43,44,31
5,14,20,27,29,45,7
3,6,12,16,17,20,14
11,20,29,33,34,36,18
7,12,15,21,27,47,48
6,9,14,19,38,49,20
5,8,11,15,33,37,3
5,19,21,34,41,49,42
7,26,27,28,30,32,44
7,11,19,23,35,44,33
18,23,24,25,39,42,48
6,7,8,20,47,48,30
4,19,21,28,39,43,18
13,20,22,31,34,42,9
12,20,30,38,40,41,10
4,5,10,30,39,45,14
2,20,36,37,42,46,29
3,10,14,15,20,45,2
14,20,24,30,44,48,31
10,17,20,21,32,41,34
2,7,22,35,46,49,41
12,24,28,36,37,40,6
6,8,24,32,34,36,49
13,18,30,34,45,49,33
17,23,28,29,32,39,12
7,21,29,33,40,41,8
8,13,14,32,36,42,5
6,8,18,19,20,30,22
5,8,14,19,22,47,24
11,16,19,29,30,45,1
1,3,40,44,46,48,2
1,3,4,24,32,43,37
6,20,22,43,45,48,11
6,17,22,34,38,42,20
1,8,14,27,40,45,34
12,13,16,21,42,43,39
3,11,15,25,31,48,36
5,7,22,37,40,45,12
5,10,12,20,28,36,15
7,16,17,36,47,48,49
1,12,16,37,41,47,36
6,13,14,19,24,38,26
1,3,12,16,29,49,4
5,28,38,40,41,47,25
11,28,29,38,43,49,22
10,36,37,44,45,46,48
12,26,32,34,45,46,14
1,14,23,36,39,41,4
4,11,24,29,32,45,49
8,14,16,18,30,35,36
8,24,29,37,44,48,6
1,4,19,24,47,49,36
6,7,19,31,32,40,15
2,14,23,29,35,43,22
11,17,27,31,33,37,12
9,15,27,28,40,43,45
2,7,12,21,23,45,10
7,10,18,32,41,46,42
12,13,19,21,29,39,41
3,11,22,36,38,40,7
8,15,21,31,36,46,18
5,6,19,23,43,48,7
18,22,26,27,30,38,45
6,31,32,39,40,42,28
6,10,12,22,24,37,3
5,16,27,29,33,45,28
7,12,26,30,31,32,13
8,20,31,36,38,45,33
9,13,15,26,31,33,10
2,4,11,33,39,42,19
11,17,32,33,38,46,15
11,17,20,34,37,41,6
12,14,18,19,37,47,30
15,30,31,37,39,48,8
12,17,26,33,35,39,10
12,14,35,37,42,47,6
4,11,36,40,41,48,49
4,12,21,24,33,35,42
5,34,42,46,48,49,14
1,10,20,37,38,49,31
4,13,18,26,41,48,33
5,21,25,32,36,41,33
7,8,31,33,41,45,39
1,16,19,27,35,42,41
5,17,19,21,42,43,16
1,4,8,10,45,47,41
6,26,35,42,44,48,7
11,13,25,32,33,48,31
2,14,19,20,26,43,23
3,12,17,20,29,38,47
2,7,15,27,37,39,43
12,18,29,40,41,48,24
8,17,23,24,31,34,25
2,16,18,20,22,39,21
10,21,25,26,35,37,4
2,9,12,15,20,49,40
10,21,23,33,42,48,41
7,13,18,21,26,34,8
7,12,17,21,30,37,49
13,21,28,35,37,38,33
3,23,32,36,39,40,49
6,17,22,23,32,42,13
3,8,14,16,26,36,41
3,10,12,22,36,41,18
12,15,23,33,41,42,11
9,13,22,37,40,42,26
1,3,9,26,40,47,15
1,19,25,27,31,40,12
3,6,11,16,26,44,31
5,15,30,35,38,47,18
3,18,23,24,26,49,32
8,10,15,19,36,45,37
10,21,24,30,35,45,22
5,9,11,15,36,45,27
16,18,22,23,24,41,39
3,8,18,19,41,48,36
7,12,26,31,37,49,17
9,21,27,31,38,49,3
16,21,22,28,32,46,24
9,18,31,45,48,49,22
17,18,25,32,43,45,5
10,14,26,38,39,47,8
5,37,41,42,46,49,18
8,13,17,20,43,48,38
4,18,24,26,43,47,33
1,10,20,28,37,44,33
3,4,8,11,42,44,21
15,29,31,33,41,47,37
7,30,34,36,45,46,43
8,20,23,37,43,46,44
14,22,30,31,39,40,49
14,34,35,38,43,47,40
5,9,19,31,33,35,32
1,3,6,12,27,43,2
3,18,24,34,41,42,37
7,17,18,26,41,47,39
5,6,10,12,44,48,36
13,30,37,40,43,46,5
1,12,16,17,38,45,32
4,8,10,18,33,40,2
1,9,11,12,37,46,43
2,13,24,26,45,49,10
1,3,9,41,42,48,27
2,28,31,36,40,45,24
1,6,10,11,26,47,22
9,18,25,27,32,39,40
1,6,18,19,20,42,43
4,13,22,23,39,42,26
5,7,11,24,27,30,12
6,8,14,29,38,48,35
8,9,13,29,36,46,23
8,21,26,30,33,46,45
8,19,22,24,30,43,13
7,19,28,35,38,48,8
2,15,28,43,45,49,35
15,21,24,30,37,38,34
17,22,23,25,31,33,3
17,21,25,30,40,42,26
1,22,26,28,34,38,35
6,9,18,25,29,35,46
11,25,31,32,35,42,41
7,10,16,21,33,46,2
5,7,9,15,24,26,12
18,20,23,32,37,46,39
5,8,20,23,34,39,31
4,14,22,42,46,47,21
5,15,17,19,27,37,42
12,22,26,35,36,49,32
5,7,9,27,35,42,19
2,13,14,30,43,48,17
11,15,16,18,35,43,46
2,4,25,26,27,29,41
15,31,38,44,46,48,21
4,12,18,23,43,46,7
1,2,9,26,35,41,46
7,8,24,28,32,41,10
4,6,26,36,38,47,43
7,9,16,23,27,44,46
9,11,23,34,41,45,49
2,18,22,25,41,43,14
14,17,27,43,45,48,41
1,4,9,37,38,41,40
1,23,25,30,38,45,14
4,9,11,25,27,29,22
13,19,25,32,42,44,2
3,13,24,26,27,29,9
9,14,17,23,33,48,4
13,16,17,19,39,44,42
1,8,32,41,44,49,23
7,15,23,24,31,38,9
3,28,30,42,43,46,15
2,15,19,29,43,46,23
17,27,30,38,42,44,24
3,4,15,29,32,39,38
1,3,16,17,24,25,46
5,6,19,24,33,41,3
2,11,29,33,41,44,40
3,6,11,13,18,37,46
1,5,17,36,40,41,38
8,11,16,32,35,43,41
7,14,23,43,47,49,48
1,18,21,24,32,41,12
4,20,26,27,45,48,37
1,5,15,16,28,41,44
9,13,18,22,40,41,49
7,12,18,35,37,45,44
2,13,16,28,31,34,21
4,10,21,30,39,42,22
23,24,27,36,47,49,40
2,9,16,22,41,49,7
1,3,11,23,46,47,45
18,19,20,34,37,44,10
1,6,14,26,28,31,30
2,12,21,25,26,37,10
20,21,26,35,39,47,16
8,13,25,27,38,46,12
14,18,21,26,47,49,30
2,9,17,28,36,42,46
1,12,17,21,37,43,47
16,18,26,30,40,44,13
9,14,20,26,39,42,5
2,3,25,27,37,47,26
6,23,34,41,43,44,38
13,15,16,17,23,36,29
6,7,13,32,33,37,42
10,15,16,21,22,30,14
9,10,26,31,40,49,8
8,13,14,35,36,41,5
19,21,30,43,44,48,8
3,15,21,24,27,40,13
7,14,21,27,30,36,43
2,11,30,35,37,40,13
4,5,27,31,44,48,33
2,7,11,19,27,44,22
1,2,8,11,21,45,16
5,9,14,28,34,37,35
16,18,19,29,30,47,10
1,5,8,15,16,38,7
4,7,12,17,33,38,11
7,20,34,37,38,47,18
7,9,20,42,44,45,8
17,22,30,38,44,48,36
13,18,23,30,44,48,37
7,13,18,21,38,44,3
5,13,16,31,41,45,9
3,28,29,35,41,47,48
9,12,23,33,39,45,24
2,3,13,20,28,38,40
1,4,9,14,15,49,32
6,24,35,41,46,49,9
14,16,19,28,32,49,1
2,10,12,20,26,34,28
3,16,17,30,33,37,29
3,23,27,28,37,48,8
5,15,19,22,30,42,31
9,22,23,37,43,46,38
7,13,23,33,35,36,9
4,13,31,35,37,42,49
13,15,27,34,35,39,31
1,2,8,44,47,48,9
2,9,18,27,46,48,25
8,10,11,17,28,42,40
8,12,13,15,16,30,45
1,4,12,25,34,37,42
14,22,32,33,34,49,31
10,17,28,29,43,47,4
1,8,13,43,46,48,29
10,12,16,29,41,45,1
2,8,10,16,23,49,41
6,21,26,34,36,49,23
2,17,32,43,45,47,34
4,7,12,18,27,44,23
13,33,41,47,48,49,1
17,19,21,26,33,45,12
1,21,31,33,42,44,22
1,2,29,33,45,47,39
7,10,14,15,17,39,45
16,29,36,39,43,48,42
5,18,25,34,48,49,45
17,19,24,36,43,49,26
8,9,10,24,27,31,33
1,5,8,11,35,36,26
6,11,31,40,42,45,43
27,32,33,40,43,44,37
3,7,10,13,39,46,29
1,5,25,29,33,38,19
31,35,39,40,45,49,41
1,6,22,25,33,48,19
3,5,8,24,26,49,19
8,17,28,35,36,47,41
1,6,28,30,33,48,27
6,13,20,23,29,46,42
1,15,16,25,43,46,6
1,2,16,22,27,45,13
10,12,16,37,40,41,5
26,29,31,43,46,49,6
13,19,20,24,40,45,33
4,17,22,34,44,46,13
4,5,22,27,46,49,41
4,10,24,29,32,49,43
5,6,15,25,30,41,29
3,16,25,31,33,36,14
2,20,21,24,35,37,9
8,10,22,23,29,35,2
16,17,18,19,33,45,25
1,5,11,19,31,33,6
6,9,19,40,44,45,1
8,12,40,42,44,47,5
16,20,24,25,31,33,37
4,22,30,43,45,47,15
5,14,40,44,45,46,32
2,23,28,35,46,48,33
13,14,19,22,23,36,24
1,2,6,8,38,43,24
2,9,11,13,39,43,35
1,2,9,20,26,48,36
1,26,29,39,48,49,9
7,16,29,32,37,48,21
3,29,30,32,43,44,35
3,4,5,8,24,29,7
10,31,35,36,39,48,27
1,7,8,33,42,47,31
11,15,16,18,24,26,46
4,5,22,23,34,40,37
2,7,19,25,42,47,6
1,3,15,27,39,41,20
7,25,28,33,44,47,19
5,17,18,28,30,39,13
3,9,20,25,26,35,39
2,9,19,28,30,32,35
6,10,13,19,40,45,7
6,11,15,30,32,44,29
5,9,25,39,44,46,2
5,17,19,21,28,29,43
7,9,12,15,25,29,47
6,14,18,20,38,41,29
16,27,29,35,37,48,31
5,29,36,38,44,45,23
1,19,26,30,35,48,11
4,22,29,37,44,49,30
2,13,27,30,41,44,40
2,4,10,15,31,45,17
8,17,36,37,42,43,34
2,6,17,21,43,48,41
2,11,24,26,30,41,1
20,22,25,30,31,45,2
1,5,6,19,29,30,39
10,14,33,34,35,39,40
3,4,7,19,22,43,36
6,9,15,31,38,39,25
10,11,13,17,36,49,41
5,13,14,24,26,35,39
19,22,33,35,38,48,11
15,26,27,34,37,42,47
2,9,10,15,27,35,44
7,12,36,41,42,44,29
1,2,20,23,26,34,19
3,8,15,20,22,23,36
4,14,32,33,43,44,49
8,25,34,44,45,47,24
6,11,18,23,33,41,39
5,9,18,22,34,36,11
1,18,21,29,36,38,16
2,4,13,36,41,49,16
12,24,29,34,38,42,33
3,18,23,32,40,45,38
5,23,29,33,38,49,24
2,7,11,18,35,45,25
1,22,25,27,41,44,3
23,24,30,42,44,46,48
18,23,26,27,40,42,3
16,20,36,39,47,48,35
3,21,22,34,37,40,5
17,18,21,26,38,49,20
7,17,19,24,31,45,38
1,3,18,29,30,31,26
13,14,16,19,30,44,20
3,4,8,15,21,24,29
1,31,33,37,46,47,36
2,15,21,26,42,44,45
7,21,26,36,43,49,16
14,17,22,45,47,49,26
16,21,24,27,29,43,41
3,10,11,20,34,38,4
8,15,24,27,31,33,13
10,15,19,29,31,44,23
14,17,18,22,40,42,37
2,9,11,14,15,30,22
4,5,18,20,30,41,23
3,28,32,36,47,49,16
12,31,32,42,43,49,36
12,14,18,25,44,48,45
14,16,18,19,21,23,3
1,5,19,28,45,49,29
2,11,20,24,32,48,27
10,24,27,36,37,48,29
9,22,28,29,34,37,36
5,8,12,22,42,49,46
4,19,24,35,45,46,2
4,11,18,37,39,46,27
10,11,17,25,27,28,31
4,11,39,42,43,48,44
4,17,18,19,31,44,46
5,10,13,28,29,38,34
3,9,20,28,29,47,35
7,11,28,30,46,47,48
3,14,20,34,41,44,43
3,18,26,29,40,43,13
21,24,25,41,42,45,34
14,20,29,32,34,43,2
3,8,26,38,45,47,35
5,9,15,35,40,44,10
7,14,17,20,29,45,30
14,15,27,41,43,49,39
9,16,23,29,40,41,43
11,12,24,30,33,38,31
10,12,17,27,29,39,47
12,18,19,21,33,37,15
2,26,28,29,37,48,5
5,18,21,30,43,46,26
9,11,21,23,30,33,34
4,7,15,21,37,43,5
1,7,11,16,18,31,24
3,4,10,21,28,41,15
6,23,24,25,47,49,5
4,16,17,30,38,42,5
5,8,16,27,35,45,37
20,23,25,36,43,45,38
26,32,35,36,38,49,39
7,15,17,28,36,39,1
7,10,15,21,34,48,38
2,6,7,27,31,44,28
11,13,24,29,35,43,1
2,12,30,31,44,48,46
10,17,28,34,40,43,29
5,12,18,28,34,39,24
13,14,23,34,43,49,44
5,10,15,16,26,30,12
1,3,23,25,42,46,2
1,11,13,25,32,36,30
1,14,27,38,39,47,49
11,20,36,37,42,49,3
18,32,36,43,48,49,23
17,18,19,23,25,32,26
17,24,28,32,34,40,3
11,21,23,30,36,47,6
15,18,37,39,44,47,43
2,10,19,20,36,48,37
19,20,26,29,34,39,4
10,17,27,37,44,45,22
5,13,18,24,27,48,32
14,15,20,26,35,41,36
6,21,34,37,46,49,18
8,22,28,40,41,45,34
10,15,27,32,39,42,28
10,16,22,40,45,48,31
6,9,12,14,33,47,34
6,11,12,40,47,49,28
3,4,12,16,29,32,39
9,13,32,34,35,39,1
3,11,16,21,22,39,4
5,8,14,17,20,46,7
2,4,8,19,24,39,28
19,22,29,36,43,46,30
15,21,22,30,41,42,24
5,21,23,24,40,44,17
5,17,23,24,36,42,16
16,25,27,31,34,42,6
1,5,16,21,23,25,30
6,8,10,22,27,29,23
7,10,18,23,34,35,9
2,4,18,20,30,32,10
2,3,8,23,24,27,14
10,12,13,21,40,42,49
4,13,28,33,38,39,42
1,19,23,30,35,48,45
2,8,9,15,27,31,42
7,18,23,39,41,43,25
1,26,33,36,40,42,37
5,8,19,23,33,46,48
8,13,19,21,31,45,37
3,14,25,29,44,45,46
2,14,20,21,22,49,38
5,19,25,33,38,42,41
3,8,11,18,28,47,5
7,11,24,28,33,46,3
11,22,23,30,31,49,14
7,9,14,16,26,33,27
1,5,6,11,26,46,41
15,38,39,40,45,48,2
2,11,25,26,27,35,10
13,16,18,22,34,42,14
13,17,23,25,32,41,16
15,19,29,32,39,40,35
3,4,11,12,20,37,5
6,7,10,24,29,40,16
3,11,20,30,41,45,28
2,14,26,34,40,46,13
3,10,26,35,37,44,15
10,22,26,29,45,47,41
10,19,21,33,35,47,9
4,11,20,25,32,39,30
9,12,30,31,33,37,25
10,22,23,35,46,49,2
6,8,10,28,41,43,45
7,11,23,25,27,43,5
5,12,13,27,28,41,37
5,31,38,41,43,47,28
8,9,14,37,42,46,10
10,13,16,19,21,48,30
1,21,22,29,31,44,3
2,7,9,18,20,48,14
1,19,26,34,38,43,48
5,8,9,35,38,44,31
5,20,23,38,44,46,33
5,10,12,15,30,36,26
5,6,9,29,43,45,27
1,5,13,16,23,34,49
8,13,27,30,41,43,18
30,32,36,38,46,49,26
1,6,8,9,10,21,2
2,21,22,30,33,41,42
5,15,32,34,37,41,11
4,8,23,31,42,49,16
13,24,30,37,43,44,4
6,22,26,29,32,43,38
6,12,15,16,24,41,21
3,6,15,21,24,33,14
10,21,26,34,48,49,39
10,15,17,33,34,45,36
4,5,16,19,34,40,10
3,15,35,39,41,49,38
12,17,28,33,40,45,39
1,3,22,25,34,44,32
11,26,37,38,40,41,28
6,10,21,34,38,41,47
11,26,28,30,41,45,22
8,27,34,38,39,47,30
10,22,26,30,34,43,41
13,19,21,24,41,45,44
2,19,26,34,43,46,31
2,10,20,31,33,46,24
6,7,10,22,41,42,31
1,19,26,34,45,49,37
12,14,32,34,40,48,39
14,20,23,33,34,40,24
21,22,26,33,34,35,46
12,16,19,30,37,39,14
3,16,24,35,37,41,27
2,13,32,36,38,43,34
9,14,26,37,38,39,8
6,9,18,35,38,48,25
3,22,29,31,40,44,48
6,16,21,27,30,49,26
3,8,17,33,34,48,11
1,9,13,14,28,30,31
5,12,13,20,24,34,27
32,37,38,39,40,44,24
7,29,34,41,43,49,22
6,15,22,27,28,31,24
2,10,18,36,42,47,24
8,20,24,28,40,48,3
7,8,21,41,44,47,13
2,4,6,8,11,31,26
6,12,15,30,38,43,41
15,30,31,34,40,45,47
16,21,26,30,37,47,31
9,16,20,42,43,48,2
12,18,23,27,33,44,39
4,15,18,23,40,47,42
10,14,30,38,42,48,37
5,8,22,27,28,29,16
6,20,30,33,38,46,16
1,9,22,28,33,39,7
14,18,20,26,38,48,2
8,9,20,34,35,49,40
8,19,28,29,30,46,10
1,11,23,31,39,46,17
4,14,18,21,36,38,1
2,20,23,30,35,47,40
12,29,31,37,44,49,3
4,25,29,38,42,46,6
1,3,20,21,36,40,44
1,3,7,19,31,46,40
2,14,17,26,27,47,4
2,11,20,34,46,47,40
7,19,30,38,40,45,27
5,9,25,35,38,39,24
14,19,23,26,34,40,5
20,22,31,34,35,37,7
5,8,25,31,39,47,22
3,7,16,20,25,30,37
5,6,11,13,28,34,4
11,13,23,29,44,45,27
16,22,37,46,47,49,4
2,3,6,39,44,47,34
7,12,19,26,32,39,44
4,8,18,19,20,33,3
19,24,33,42,43,45,16
4,5,20,27,32,40,6
6,12,24,32,36,44,45
2,10,17,32,38,48,8
6,8,17,27,34,46,25
13,21,25,27,31,43,47
9,11,18,31,39,46,5
3,8,9,21,34,49,22
8,15,21,27,46,48,31
7,15,17,29,41,42,28
1,29,30,39,46,47,17
10,15,21,24,26,38,37
7,26,27,29,36,40,32
3,13,22,27,45,49,17
8,18,33,37,40,43,31
8,14,19,20,21,36,28
4,16,38,40,41,48,35
6,19,21,29,32,46,11
2,3,13,15,43,48,1
27,32,38,39,46,49,24
4,31,35,38,40,48,18
3,16,17,19,22,26,1
3,5,12,15,17,39,24
5,8,17,33,35,40,10
7,10,16,22,31,46,42
13,14,17,32,33,36,31
13,21,22,26,33,34,35
3,9,13,22,33,43,14
6,11,12,22,34,39,42
7,9,15,28,30,33,26
15,19,30,35,38,41,25
6,7,10,25,32,43,33
15,33,34,40,41,49,27
1,30,34,35,38,42,15
4,23,24,28,30,40,41
12,17,18,21,33,37,9
8,14,16,19,23,32,49
7,30,33,34,35,46,49
19,24,29,36,37,43,17
7,10,12,27,36,46,18
1,7,9,18,36,47,32
6,24,31,35,36,42,18
2,17,31,42,44,46,10
6,8,12,29,41,48,14
10,11,25,31,36,41,27
1,33,38,39,41,45,46
2,11,20,25,37,49,42
15,18,19,31,39,40,25
2,13,19,33,46,49,23
4,12,22,29,36,47,15
11,13,25,28,33,40,31
3,6,10,23,33,35,24
6,19,23,35,41,46,8
5,15,24,35,46,48,17
2,4,5,15,20,33,25
20,27,31,33,38,46,23
14,20,27,42,44,47,40
2,28,30,37,40,48,8
4,6,14,31,44,45,1
12,13,18,28,39,49,2
16,20,32,34,37,43,17
12,22,24,38,40,46,21
2,17,25,29,32,38,24
5,22,25,27,36,41,11
9,15,17,38,45,49,47
6,14,16,25,35,38,31
13,17,26,39,43,48,3
26,34,35,40,44,46,32
4,8,18,30,35,49,11
5,13,14,16,37,48,39
2,3,5,21,45,49,47
10,12,13,19,27,33,30
12,17,19,27,38,42,40
3,5,7,31,33,45,19
7,9,12,21,26,32,27
5,10,13,28,39,41,49
14,20,26,43,45,49,7
2,24,29,30,38,49,47
7,19,25,35,36,38,42
19,26,36,38,39,49,16
6,10,23,27,34,47,22
4,17,21,30,41,49,48
1,11,42,46,47,49,7
11,25,26,33,34,41,27
24,25,30,36,41,43,21
5,7,11,22,25,44,13
14,16,22,33,36,48,3
11,40,42,45,47,49,27
13,20,28,32,38,49,46
5,6,7,12,17,35,45
9,15,18,33,44,47,28
1,5,8,26,47,49,38
7,11,28,29,38,39,33
8,10,22,24,31,34,44
3,8,18,26,40,46,22
5,9,10,29,35,48,13
21,26,28,30,32,34,40
10,25,34,35,42,48,21
6,9,15,29,30,48,23
1,8,20,26,29,35,19
14,29,35,36,37,49,40
1,3,13,15,37,48,42
11,18,32,39,44,49,46
6,21,35,36,38,42,22
6,22,23,30,36,37,13
2,3,10,12,34,40,41
7,12,16,31,40,43,34
11,22,30,35,37,38,33
4,8,20,26,31,34,16
15,17,22,26,32,42,12
5,8,27,29,30,48,35
7,11,13,23,39,42,15
2,9,10,18,39,40,8
10,16,25,28,33,37,13
7,20,29,32,33,39,47
15,17,21,26,30,47,48
3,6,13,32,33,41,44
2,5,18,19,42,45,11
14,22,25,44,46,49,16
3,6,23,26,40,43,2
4,6,13,14,22,25,35
1,18,28,34,35,43,24
7,19,25,27,34,35,12
12,30,31,37,47,49,38
8,11,14,29,33,45,34
5,9,10,31,35,37,30
2,7,27,30,38,49,6
13,15,24,37,38,43,44
7,19,25,26,38,39,4
7,21,31,36,46,47,8
5,7,26,30,40,48,8
2,18,25,37,38,47,42
6,7,13,17,21,23,48
7,8,13,17,29,36,18
13,25,29,40,46,47,22
17,24,40,41,46,48,27
1,7,11,15,27,30,42
4,16,18,29,35,37,33
7,20,29,40,43,47,28
10,26,33,39,45,46,19
6,10,11,17,23,32,27
18,28,37,41,43,46,11
2,8,15,22,29,45,9
1,6,14,19,35,49,8
20,21,24,25,31,35,28
7,11,24,26,30,42,37
2,5,39,43,45,47,26
5,8,9,25,30,45,31
15,27,33,42,48,49,39
1,23,29,41,45,49,24
13,16,22,23,34,39,14
2,11,15,26,29,48,31
1,7,11,24,44,48,10
16,17,26,29,32,40,10
3,4,13,21,38,46,2
9,24,32,40,41,49,27
11,13,15,39,42,46,28
3,5,12,16,22,48,30
1,2,10,13,20,27,49
13,20,21,26,31,44,28
4,20,31,40,42,48,24
3,8,20,37,45,49,21
4,8,9,14,21,39,37
8,9,21,25,33,34,2
5,13,15,18,33,37,45
6,8,12,14,25,35,49
15,16,26,34,48,49,46
32,33,41,45,46,49,10
2,25,36,37,38,46,24
5,17,19,26,27,39,10
2,4,23,35,41,47,6
2,5,14,19,36,45,43
4,14,19,28,40,41,31
1,20,34,36,37,40,3
11,16,17,21,24,29,34
6,7,15,22,37,42,36
3,5,7,15,17,47,34
2,23,25,33,41,46,22
23,33,38,43,45,47,36
3,6,22,32,35,39,27
13,20,25,27,28,32,2
2,6,9,19,20,30,25
10,13,14,17,19,29,40
12,20,25,26,40,45,34
2,3,4,11,15,41,26
7,17,18,22,25,47,38
14,17,26,36,38,41,8
5,14,22,25,27,45,3
1,2,25,29,41,49,35
19,20,22,32,36,42,35
4,18,36,40,41,43,29
2,9,16,34,42,43,33
13,16,18,22,39,42,30
11,16,20,31,39,41,6
3,15,16,31,32,45,42
14,20,25,42,44,49,12
13,22,23,33,39,40,31
5,8,11,12,18,39,37
3,4,7,10,18,21,15
16,25,27,35,47,48,14
4,11,22,32,33,41,43
11,16,24,42,44,47,32
21,25,26,38,41,46,4
8,9,10,23,24,43,45
14,20,21,28,31,46,37
2,10,12,20,23,24,28
8,12,18,28,37,46,34
14,20,32,35,42,48,28
8,15,23,24,41,47,2
5,10,18,26,28,44,48
15,17,24,26,40,47,33
6,7,15,19,24,33,46
6,8,11,12,18,46,37
1,3,12,33,39,41,29
5,7,9,14,17,30,47
5,10,15,20,24,29,34
3,7,16,19,40,42,12
2,23,33,38,39,45,6
1,7,13,14,34,45,8
2,10,18,19,39,49,24
9,10,21,22,25,36,20
2,7,26,41,44,45,46
21,23,32,36,39,43,12
4,11,24,25,29,30,8
9,13,27,31,32,39,19
6,14,32,33,39,43,13
4,12,24,25,39,48,9
6,16,20,21,24,35,13
1,3,8,15,20,48,46
9,20,25,35,39,48,47
1,11,22,35,36,40,28
3,6,11,18,25,28,35
11,16,18,27,38,46,43
6,12,24,26,37,46,36
16,35,36,37,39,49,45
20,28,29,31,35,41,6
13,15,18,24,33,49,10
12,13,17,27,41,48,46
5,7,17,22,24,47,20
6,10,23,27,47,48,30
12,19,22,27,28,31,45
7,15,22,38,45,49,31
1,16,22,24,47,48,7
14,18,19,34,45,47,48
17,23,30,37,39,49,43
4,7,34,40,44,49,37
19,25,27,28,33,39,37
5,26,27,35,45,46,37
9,11,12,14,23,25,42
5,11,29,37,43,47,10
5,12,13,38,47,48,3
2,6,10,22,40,45,17
11,15,33,38,41,43,21
14,33,41,42,44,48,47
4,8,23,26,29,36,38
5,11,25,40,45,47,39
5,12,13,25,36,48,8
1,2,6,16,18,26,47
4,10,15,17,21,40,30
4,8,21,23,24,43,13
7,10,11,22,40,45,18
1,6,17,19,20,40,22
7,14,16,37,39,47,34
6,10,14,25,26,32,7
7,43,27,35,22,48,45
4,17,23,28,33,37,15
10,18,25,28,39,43,48
6,12,18,19,32,36,34
16,29,30,35,42,43,1
4,20,22,26,38,47,27
12,13,16,21,28,48,30
3,27,29,37,47,48,11
20,26,29,31,37,49,30
8,9,16,20,37,49,2
12,14,25,30,32,44,34
13,18,25,39,40,49,31